0,0,0,0,0,0,0,-1.0281,0,0,0.99919,0,0,0,0,0,0,0,0,-0.048517,0,0.02009
0,0,0,0,0,-0.031995,0,-0.95142,0,0,0.99757,0,0,0,0,0,0,0,0,0,0,0.018862
0,0,0,0,-0.026002,0,0,-0.9386,0,0,0.99609,0,0,0,0,0,0,0,0,0,0,0.021215
0,-0.030925,0,0,0,0,0,-0.97314,0,0,0.98869,0,0,0,0,0,0,0,0,0,0,0.022368
0,0,-0.047909,0,0,0,0,-1.0193,0,0,0.98991,0,0,0,0,0,0,0,0,-0.023706,0,0.020536
0,0,0,0,0,-0.026355,0,-0.992,0,0,0.99285,0,0,0,0,0,0,0,0,0,0,0.019708
0,0,0,0,0,0,-0.035491,-0.95917,0,0,0.99225,0,0,0,0,0,0,0,0,0,0,0.020471
0,0,0,0,0,0,0,-0.99366,0,0,0.99275,0,0,0,0,0,0,0,0,0,0,0.020653
0,0,0,0,0,0,0,-0.981,0,0,0.99634,0,0,0,0,0,0,0,0,0,0,0.019618
0,0,0,0,0,-0.026798,0,-0.96286,0,0,0.99485,0,0,0,0,0,0,0,0,0,0,0.020115
0,0,0,0,0,0,0,-0.97858,0,0,1.0036,0,0,-0.020849,0,0,0,0,0,0,0,0.020101
0,0,-0.097247,0,0,0,0,-0.95619,0,0,0.98855,0.0060693,0,0,0,0,0,0,0,0,0,0.01852
0,-0.030808,0,0,0,0,0,-0.97741,0,0,0.99079,0,0,0,0,0,0,0,0,0,0,0.018997
0,0,0,0,0,0,0,-1.0896,0.17838,0,0.99486,0,0,0,0,0,0,0,0,0,0,0.018924
0,0,0,0,0,-0.031897,0,-0.98287,0,0,0.99617,0,0,0,0,0,0,0,0,0,0,0.018162
0,0,0,0,0,0,0,-0.97004,0,0,0.99595,0,0,0,0,0,0,0,0,0,0,0.020512
0,0,0,0,0,0,0,-1.0154,0,0,0.99639,0,0,0,0,0,0,0,0,-0.032162,0,0.021066
0,0,0,0,0,0,0,-0.98766,0,0,0.9948,0,0,0,0,0,0,0,0,0,0,0.016908
0,0,0,0,0,0,0,-0.95829,0,0,0.99355,0,0,0,0,0,0,0,0,0,0,0.019362
0,0,0,0,0,0,0,-0.97956,0,-0.050064,0.99274,0,0,0,0,0,0,0,0,0,0,0.019075
0,0,0,0,0,-0.0247,0,-0.95528,0,0,0.99438,0,0,0,0,0,0,0,0,0,0,0.019124
0,0,0,0,0,0,0,-0.97678,0,0,0.9965,0,0,0,0,0,0,0,0,0,0,0.021164
0,0,0,0,0,0,0,-0.97224,0,0,0.99649,0,0,0,0,0,0,0,0,0,0,0.01752
0,-0.033283,0,0,0,0,0,-0.97224,0,0,0.9906,0,0,0,0,0,0,0,0,0,0,0.022106
0,0,0,0,0,0,0,-1.0806,0.15726,0,0.99687,0,0,0,0,0,0,0,0,0,0,0.020208
0,0,0,0,0,0,0,-0.97672,0,-0.061574,0.9903,0,0,0,0,0,0,0,0,0,0,0.017157
0,0,0,0,0,-0.031065,0,-0.95367,0,0,0.9954,0,0,0,0,0,0,0,0,0,0,0.018679
0,0,0,0,0,-0.021395,0,-1.0722,0.14065,0,0.99769,0,0,0,0,0,0,0,0,0,0,0.020896
0,-0.043946,0,0,0,0,0,-0.97099,0,0,0.98901,0,0,0,0,0,0,0,0,0,0,0.022475
0,0,-0.088287,0,0,0,0,-0.9574,0,0,0.98549,0.0045386,0,0,0,0,0,0,0,0,0,0.020845
0,-0.032658,0,0,0,0,0,-0.96107,0,0,0.98872,0,0,0,0,0,0,0,0,0,0,0.019133
0,0,0,0,0,0,0,-0.98926,0,0,0.99264,0,0,0,0,0,0,0,0,0,0,0.020135
0,0,0,-0.058446,0,0,0,-0.98502,0,0,0.98996,0,0,0,0,0,0,0,0,0,0,0.018227
0,-0.045751,0,0,0,0,0,-0.96883,0,0,0.98486,0,0,0,0,0,0,0,0,0,0,0.019782
0,0,0,0,0,0,0,-0.97893,0,0,0.99529,0,0,0,0,0,0,0,0,0,0,0.01769
0,0,0,0,0,0,0,-0.98957,0,0,0.99883,0,0,0,0,0,0,0,0,0,0,0.021505
0,0,0,0,0,0,0,-0.97765,0,-0.063356,0.99366,0,0,0,0,0,0,0,0,0,0,0.018816
0,0,0,0,0,-0.026679,0,-0.96956,0,0,0.99727,0,0,0,0,0,0,0,0,0,0,0.018775
0,0,0,0,0,0,0,-1.0226,0,0,0.99939,0,0,0,0,0,0,0,0,-0.045319,0,0.020532
0,-0.037486,0,0,0,0,0,-0.96365,0,0,0.98709,0,0,0,0,0,0,0,0,0,0,0.019988
0,0,0,0,0,0,0,-0.99002,0,0,0.99282,0,0,0,0,0,0,0,0,0,0,0.022474
0,0,0,0,0,0,-0.036433,-0.94781,0,0,0.99494,0,0,0,0,0,0,0,0,0,0,0.019454
0,0,0,0,0,0,0,-1.0275,0.14594,-0.045861,0.99399,0,0,0,0,0,0,0,0,0,0,0.018035
0,0,0,0,0,0,0,-0.97736,0,0,0.99402,0,0,0,0,0,0,0,0,0,0,0.017631
0,0,0,0,0,0,0,-1.0015,0,0,0.99599,0,0,0,0,0,0,0,0,0,0,0.021214
0,0,0,0,0,0,0,-1.0108,0,0,0.99361,0,0,0,0,0,0,0,0.0088443,0,0,0.020789
0,-0.044585,0,0,0,0,0,-0.96864,0,0,0.98619,0,0,0,0,0,0,0,0,0,0,0.019177
0,0,0,0,0,0,0,-1.075,0.15085,0,0.99743,0,0,0,0,0,0,0,0,0,0,0.021205
0,0,0,0,0,0,0,-0.9735,0,0,0.99497,0,0,0,0,0,0,0,0,0,0,0.020191
0,0,0,0,0,-0.046268,0,-0.93231,0,0,0.99651,0,0,0,0,0,0,0,0,0,0,0.018445
0,-0.050935,0,0,0,0,0,-0.97492,0,0,0.98431,0,0,0,0,0,0,0,0,0,0,0.020924
0,0,0,0,0,-0.017367,0,-0.96464,0,0,0.99342,0,0,0,0,0,0,0,0,0,0,0.018669
0,0,0,0,0,0,0,-1.0297,0,0,1.0017,0,0,0,0,0,0,0,0,-0.039833,0,0.018844
0,0,0,0,0,0,0,-0.98451,0,0,0.99539,0,0,0,0,0,0,0,0,0,0,0.019513
0,-0.037854,0,0,0,0,0,-0.96746,0,0,0.9857,0,0,0,0,0,0,0,0,0,0,0.019508
0,0,0,0,0,0,0,-0.98102,0,0,0.992,0,0,0,0,0,0,0,0,0,0,0.019269
0,0,0,0,-0.018777,0,0,-0.94859,0,0,0.99691,0,0,0,0,0,0,0,0,0,0,0.019307
0,0,0,0,0,0,0,-0.99274,0,0,0.9949,0,0,0,0,0,0,0,0,0,0,0.021565
0,0,0,0,0,0,0,-1.0566,0.13836,0,0.99833,0,0,0,0,0,0,0,0,0,0,0.019776
0,0,0,-0.074324,0,0,0,-0.98838,0,0,0.98671,0,0,0,0,0,0,0,0,0,0,0.017545
0,0,0,0,0,0,0,-0.97839,0,0,0.99654,0,0,0,0,0,0,0,0,0,0,0.019644
0,0,0,0,0,0,0,-0.98823,0,0,0.99382,0,0,0,0,0,0,0,0,0,0,0.021298
0,0,0,0,0,0,0,-0.9838,0,0,0.99207,0,0,0,0,0,0,0,0,0,0,0.021601
0,0,0,0,0,0,0,-0.98977,0,0,0.99428,0,0,0,0,0,0,0,0,0,0,0.024356
0,0,-0.073097,0,0,0,0,-0.962,0,0,0.98762,0,0,0,0,0,0,0,0,0,0,0.020132
0,0,0,0,0,0,0,-0.96294,0,-0.047928,0.99484,0,0,0,0,0,0,0,0,0,0,0.019569
0,-0.037838,0,0,0,0,0,-0.97633,0,0,0.98669,0,0,0,0,0,0,0,0,0,0,0.019793
0,0,0,0,0,0,0,-0.97184,0,-0.039953,0.9964,0,0,0,0,0,0,0,0,0,0,0.017766
0,-0.049772,0,0,0,0,0,-0.96391,0,0,0.98653,0,0,0,0,0,0,0,0,0,0,0.020793
0,0,-0.043384,0,0,0,0,-0.98449,0,0,0.98702,0,0,0,0,0,0,0,0,0,0,0.021241
0,0,0,0,0,0,0,-0.9666,0,-0.05773,0.99351,0,0,0,0,0,0,0,0,0,0,0.019234
0,0,0,0,0,0,0,-0.97725,0,0,0.99557,0,0,0,0,0,0,0,0,0,0,0.019039
0,0,0,0,0,0,0,-0.96928,0,-0.07377,0.99473,0,0,0,0,0,0,0,0,0,0,0.020269
0,0,0,0,0,0,0,-0.94185,0,-0.08747,0.99304,0,0,0,0,0,0,0,0,0,0,0.019462
0,-0.035333,0,0,0,0,0,-0.96823,0,0,0.98926,0,0,0,0,0,0,0,0,0,0,0.019454
0,-0.03941,0,0,0,0,0,-0.9955,0,0,0.9903,0,0,0,0,0,0,0,0,0,0,0.021046
0,0,0,0,0,0,0,-0.98132,0,0,0.99963,0,0,0,0,0,0,0,0,0,0,0.021736
0,0,0,0,0,0,0,-1.006,0,0,0.99404,-0.0035052,0,0,0,0,-0.012234,0,0,0,0,0.019815
0,0,0,0,0,-0.020458,0,-0.99134,0,0,0.99824,0,0,0,0,0,0,0,0,-0.026482,0,0.019481
0,0,0,0,0,-0.024326,0,-0.97596,0,0,0.99433,0,0,0,0,0,0,0,0,0,0,0.021826
0,0,0,0,0,0,0,-0.98766,0,0,0.99405,0,0,0,0,0,0,0,0,0,0,0.01988
0,0,0,0,0,0,0,-0.9874,0,0,0.99512,0,0,0,0,0,0,0,0,0,0,0.021522
0,0,0,0,-0.020588,0,0,-0.91281,0,-0.051308,0.99482,0,0,0,0,0,0,0,0,0,0,0.0192
0,0,0,0,0,0,0,-0.97899,0,0,0.99301,0,0,0,0,0,0,0,0,0,0,0.02114
0,0,0,0,0,0,-0.056054,-0.90228,0,0,0.99529,0,0,0,0,0,0,0,0,0,0,0.020387
0,0,0,0,0,0,0,-0.99473,0,0,0.9955,0,0,0,0,0,-0.011127,0,0,0,0,0.019896
0,0,0,0,0,0,0,-1.0749,0.17881,0,0.99432,0,0,0,0,0,0,0,0,0,0,0.020475
0,0,0,0,0,0,0,-0.96278,0,-0.045981,0.99601,0,0,0,0,0,0,0,0,0,0,0.022445
0,0,0,0,0,0,0,-0.9691,0,0,0.99544,0,0,0,0,0,0,0,0,0,0,0.016105
0,0,0,0,0,0,0,-0.98251,0,0,0.99352,0,0,0,0,0,0,0,0,0,0,0.021711
0,0,0,0,0,0,0,-0.97811,0,0,0.99316,0,0,0,0,0,0,0,0,0,0,0.019009
0,0,0,0,0,0,0,-1.0705,0.17287,0,0.99766,0,0,0,0,0,0,0,0,0,0,0.019874
0,0,0,0,0,0,0,-0.96943,0,0,0.99567,0,0,0,0,0,0,0,0,0,0,0.017947
0,0,0,0,0,0,0,-0.975,0,0,0.99252,0,0,0,0,0,0,0,0,0,0,0.021315
0,0,0,0,0,0,0,-0.97563,0,0,0.99379,0,0,0,0,0,0,0,0,0,0,0.022263
0,0,0,0,0,-0.033641,0,-0.96738,0,0,0.99734,0,0,0,0,0,0,0,0,0,0,0.019905
0,-0.028693,0,0,0,0,0,-0.97712,0,0,0.98938,0,0,0,0,0,0,0,0,0,0,0.019968
0,0,0,0,0,-0.032861,0,-0.96098,0,0,0.99421,0,0,0,0,0,0,0,0,0,0,0.020441
0,0,0,0,0,0,0,-0.98059,0,0,0.99705,0,0,0,0,0,0,0,0,0,0,0.020186
0,-0.052108,0,0,0,0,0,-0.97205,0,0,0.98906,0.0041999,0,0,0,0,0,0,0,0,0,0.02125
