0,0,0,0,0,0,-0.69047,0,0,0,1.0069,0,0,0,0,0,0,0,0,0,0,0.76961
0,0,0,0,0,0,0,-1.105,0,0,1.0125,0,0,0,0,0,0,0,0,0,0,0.8472
0,0,0,0,-0.62004,0,0,0,0,0,0.99503,0,0,0,0,0,0,0,0,0,0,0.84099
0,0,0,0,0,0,0,0,-2.0109,0,0.97725,0,0,0,0,0,0,0,0,0,0,0.80298
0,0,-1.7123,0,-0.59865,0,0,0,0,0,0.81614,0,0,0,0,0,0,0,0,0,0,0.8142
0,0,0,0,0,0,0,-1.7637,0,0,0.94582,0,0,0,0,0,0,0,0,0,0,0.76792
0,0,0,0,0,0,0,-1.4608,0,0,0.95213,0,0,0,0,0,0,0,0,0,0,0.87313
0,0,0,0,0,0,0,-1.3573,0,0,0.91805,0,0,0,0,0,0,0,0,0,0,0.85766
0,0,0,0,0,0,0,0,0,0,1.0277,0,0,0,0,0,0,0,-0.13495,0,0,0.81916
0,0,0,0,0,0,0,-0.94177,0,0,1.0073,0,0,0,0,0,0,0,0,0,0,0.72393
0,0,0,0,0,0,0,0,0,0,0.76819,0,0,0,0,0,0,0,0,0,0,0.80949
0,0,0,0,0,0,0,0,0,0,1.0712,0,0,0,0,0,0,0,0,0,0,0.7428
0,0,0,0,0,0,-0.78299,0,0,0,1.0438,0,0,0,0,0,0,0,0,0,0,0.78223
0,0,0,0,-0.57442,0,0,0,0,0,0.95084,0,0,0,0,0,0,0,0,0,0,0.74418
0,0,0,0,0,0,0,-2.163,0,0,1.0338,0,0,0,0,0,0,0,0,0,0,0.79436
0,0,0,0,0,0,0,0,0,0,1.0472,0,0,0,0,0,0,0,0,0,0,0.78906
0,0,0,0,0,0,-0.88249,0,0,0,1.0053,0,0,0,0,0,0,0,0,0,0,0.82009
0,0,0,0,0,0,-0.90211,0,0,0,1.014,0,0,0,0,0,0,0,0,0,0,0.69771
0,0,0,0,0,0,0,0,0,0,0.95857,0,0,0,0,0,0,0,0,0,0,0.83311
0,0,0,0,0,0,0,0,-2.6267,0,0.95714,0,0,0,0,0,0,0,0,0,0,0.78334
0,0,0,0,0,0,0,0,0,0,1.0582,0,0,0,0,0,0,-0.52532,0,0,0,0.80326
0,0,0,0,0,0,0,0,0,0,0.97911,0,0,0,0,0,0,0,0,0,0,0.81245
0,0,0,0,0,0,0,0,0,0,1.004,0,0,0,0,0,0,0,0,0,0,0.80198
0,0,0,0,0,0,0,0,0,0,0.96777,0,0,0,0,0,0,0,0,0,0,0.82587
0,0,0,0,-0.56084,0,0,0,0,0,1.0397,0,0,0,0,0,0,0,0,0,0,0.77287
0,0,0,0,0,0,0,0,-2.5556,0,0.91213,0,0,0,0,0,0,0,0,0,0,0.73058
0,0,0,0,0,0,0,0,0,0,1.3154,0,-0.054696,0,0,0,0,0,0,0,0,0.7899
0,0,0,0,0,0,0,-1.7806,0,0,1.078,0,0,0,0,0,0,0,0,0,0,0.79332
0,0,0,0,0,0,0,-0.90617,0,0,1.0516,0,0,0,0,0,0,0,0,0,0,0.87096
0,0,0,0,0,0,0,0,0,0,0.93284,0,0,0,0,0,0,0,0,0,0,0.83477
0,0,0,0,0,0,0,0,0,0,0.93478,0,0,0,0,0,0,0,0,0,0,0.65449
0,0,0,0,0,0,0,-1.1256,0,0,0.94897,0,0,0,0,0,0,0,0,0,0,0.7667
0,0,0,0,0,0,0,-1.0492,0,0,1.0208,0,0,0,0,0,0,0,0,0,0,0.73644
0,0,0,-3.4707,0,0,0,0,0,0,0.6084,0,0,0,0,0,0,0,0,0,0,0.76731
0,0,0,0,0,0,0,0,0,0,0.91744,0,0,0,0,0,0.28451,0,0,0,0,0.75078
0,0,0,0,0,0,0,0,-2.2867,0,1.0555,0,0,0,0,0,0,0,0,0,0,0.89957
0,0,0,0,0,0,0,0,-3.0714,0,1.0197,0,0,0,0,0,0,0,0,0,0,0.74553
0,0,0,0,0,0,0,-0.96626,0,0,1.0654,0,0,0,0,0,0,0,0,0,0,0.73927
0,0,0,0,0,0,-0.68132,0,0,0,1.0585,0,0,0,0,0,0,0,0,0,0,0.85924
0,0,0,0,0,0,0,0,0,0,0.92642,0,0,0,0,0,0,0,0,0,0,0.79749
0,0,0,0,0,0,-0.90756,0,0,0,0.92897,0,0,0,0,0,0,0,0,0,0,0.85566
0,0,0,0,0,0,-0.98583,0,0,0,1.1875,0,0,0,0,0.15046,0,0,0,0,0,0.73904
0,0,0,0,0,0,0,0,0,0,0.94631,0,0,0,0,0,0,0,0,0,0,0.7128
0,0,0,0,0,0,0,-0.92661,0,0,0.95154,0,0,0,0,0,0,0,0,0,0,0.79583
0,0,0,0,0,0,0,0,-2.7529,0,0.99455,0,0,0,0,0,0,0,0,0,0,0.8254
0,0,0,0,0,0,0,0,0,0,1.544,0,-0.077036,0,0,0,0,0,0,0,0,0.71089
0,0,0,0,-0.33741,0,0,0,0,0,0.94035,0,0,0,0,0,0,0,0,0,0,0.75692
0,0,0,0,-0.58106,0,0,0,0,0,1.0538,0,0,0,0,0,0,0,0,0,0,0.80617
0,0,0,0,-0.38995,0,0,0,0,0,1.0104,0,0,0,0,0,0,0,0,0,0,0.76555
0,0,0,0,0,0,0,0,0,0,0.99518,0,0,0,0,0,0,0,0,0,0,0.7699
0,0,0,0,0,0,0,0,-1.8334,0,0.93664,0,0,0,0,0,0,0,0,0,0,0.80253
0,0,0,0,0,0,0,0,0,0,0.91325,0,0,0,0,0,0,0,0,0,0,0.79464
0,0,0,0,0,0,0,-0.8582,0,0,1.0015,0,0,0,0,0,0,0,0,0,0,0.76247
0,0,0,0,0,0,0,-1.2359,0,0,1.01,0,0,0,0,0,0,0,0,0,0,0.7414
0,0,0,0,0,0,0,0,0,0,0.86309,0,0,0,0,0,0,0,0,0,0,0.78396
0,0,0,0,0,0,0,0,-1.5756,0,0.89368,0,0,0,0,0,0,0,0,0,0,0.80626
0,0,0,0,0,0,0,0,-1.694,0,0.96442,0,0,0,0,0,0,0,0,0,0,0.71994
0,0,0,0,0,0,0,-1.3925,0,0,1.0544,0,0,0,0,0,0,0,0,0,0,0.85555
0,0,0,0,0,0,0,-0.8506,0,0,1.0908,0,0,0,0,0,0,0,0,0,0,0.82034
0,0,0,0,0,0,0,-1.4613,0,0,1.0849,0,0,0,0,0,0,0,0,0,0,0.8505
0,0,0,0,0,0,0,0,0,0,1.068,0,0,0,0,0,0,0,-0.1405,0,0,0.75691
0,0,0,0,0,0,0,-1.2772,0,0,0.96635,0,0,0,0,0,0,0,0,0,0,0.78341
0,0,0,0,0,0,-0.7293,0,0,0,0.96607,0,0,0,0,0,0,0,0,0,0,0.76665
0,0,0,0,0,0,0,-1.3135,0,0,0.9851,0,0,0,0,0,0,0,0,0,0,0.89445
0,0,0,0,0,0,0,0,0,0,1.142,0,0,0,0,0,0,0,0,0,0,0.74664
0,0,0,0,0,0,-0.5819,0,0,0,1.0415,0,0,0,0,0,0,0,0,0,0,0.74087
0,0,0,0,0,0,-0.77465,0,0,0,0.93084,0,0,0,0,0,0,0,0,0,0,0.81651
0,0,0,0,0,0,0,-1.0785,0,0,1.071,0,0,0,0,0,0,0,0,0,0,0.812
0,0,0,0,0,0,0,0,0,0,1.0023,0,0,0,0,0,0,0,0,0,0,0.81866
0,0,0,0,0,0,0,0,-2.3003,0,0.94737,0,0,0,0,0,0,0,0,0,0,0.81901
0,0,0,0,0,0,0,0,-1.7416,0,1.0027,0,0,0,0,0,0,0,0,0,0,0.7809
0,0,0,0,0,0,0,0,-1.4398,0,1.0307,0,0,0,0,0,0,0,0,0,0,0.81494
0,0,0,0,0,0,-1.3763,0,0,0,1.0293,0,0,0,0,0,0,0,0,0,0,0.80005
0,0,0,0,0,0,0,0,0,0,0.95256,0,0,0,0,0,0,0,0,0,0,0.81706
0,0,0,0,0,0,0,0,0,0,1.0289,0,0,0,0,0,0,0,0,0,0,0.77388
0,0,0,0,0,0,0,-1.7328,0,0,1.1127,0,0,0,0,0,0,0,0,0,0,0.77237
0,0,0,0,0,0,0,0,0,0,1.09,0,0,0,0,0,0.28423,0,0,0,0,0.7697
0,0,0,0,-0.59823,0,0,0,0,0,1.0633,0,0,0,0,0,0,0,0,0,0,0.81707
0,0,0,0,-0.50329,0,0,0,0,0,0.98229,0,0,0,0,0,0,0,0,0,0,0.78777
0,0,0,0,-0.57973,0,0,0,0,0,0.96162,0,0,0,0,0,0,0,0,0,0,0.86148
0,0,0,0,0,0,0,-1.0997,0,0,0.99841,0,0,0,0,0,0,0,0,0,0,0.7456
0,0,0,0,-0.5367,0,0,0,0,0,1.0382,0,0,0,0,0,0,0,0,0,0,0.78362
0,0,0,0,0,0,0,0,0,0,0.9879,0,0,0,0,0,0,0,0,0,0,0.79214
0,0,0,0,0,0,0,0,0,0,0.96621,0,0,0,0,0,0,0,0,0,0,0.82342
0,0,0,0,0,0,0,0,0,0,0.95035,0,0,0,0,0,0,0,0,0,0,0.81884
0,0,0,0,-0.48591,0,0,0,0,0,0.97194,0,0,0,0,0,0,0,0,0,0,0.81865
0,0,0,0,0,0,0,0,0,0,0.92938,0,0,0,0,0,0,0,0,0,0,0.82579
0,0,0,0,0,0,0,0,0,0,1.0016,0,0,0,0,0,0,0,0,0,0,0.85384
0,0,0,0,0,0,0,0,0,0,0.94569,0,0,0,0,0,0,0,0,0,0,0.7102
0,0,0,0,0,0,0,0,0,0,1.3552,0,-0.061299,0,0,0,0,0,0,0,0,0.85404
0,0,0,0,-0.56697,0,0,0,0,0,1.0229,0,0,0,0,0,0,0,0,0,0,0.80303
0,0,0,0,0,0,0,0,0,0,1.0068,0,0,0,0,0,0,0,0,0,0,0.8033
0,0,0,0,-0.38569,0,0,0,0,0,1.0111,0,0,0,0,0,0,0,0,0,0,0.76693
0,0,0,0,0,0,0,0,-1.3762,0,0.94635,0,0,0,0,0,0,0,0,0,0,0.78211
0,0,0,0,0,0,0,0,0,0,0.88788,0,0,0,0,0,0,0,0,0,0,0.85366
0,0,0,0,0,0,0,-1.0486,0,0,1.0586,0,0,0,0,0,0,0,0,0,0,0.78499
0,0,0,0,0,0,0,-0.87889,0,0,0.95535,0,0,0,0,0,0,0,0,0,0,0.81551
0,0,0,0,0,0,0,-0.96159,0,0,0.94157,0,0,0,0,0,0,0,0,0,0,0.8121
0,0,0,0,0,0,0,0,0,0,1.0199,0,0,0,0,0,0,0,0,0,0,0.78281
0,0,0,0,0,0,-0.76883,0,0,0,0.96518,0,0,0,0,0,0,0,0,0,0,0.86064
