0,0,0,0,0,0,-0.66396,0,0,0,1.0022,0,0,0,0,0,0,0,0,0,0,0.38543
0,0,0,0,0,0,0,-0.90583,0,0,1.0074,0,0,0,0,0,0,0,0,0,0,0.45597
0,0,0,0,-0.50201,0,0,0,0,0,0.99476,0,0,0,0,0,0,0,0,0,0,0.42257
0,0,0,0,0,0,0,-1.1038,0,0,0.98987,0,0,0,0,0,0,0,0,0,0,0.40185
0,0,-0.8893,0,0,0,0,-1.1311,0,0,0.89957,0,0,0,0,0,0,0,0,0,0,0.40804
0,0,0,0,0,0,0,-1.3735,0,0,0.9706,0,0,0,0,0,0,0,0,0,0,0.38434
0,0,0,0,0,0,0,-1.2217,0,0,0.97408,0,0,0,0,0,0,0,0,0,0,0.43677
0,0,0,0,0,0,0,-1.167,0,0,0.9545,0,0,0,0,0,0,0,0,0,0,0.41559
0,0,0,0,0,0,0,0,-1.6595,0,0.99507,0,0,0,0,0,0,0,0,0,0,0.42156
0,0,0,0,0,0,0,-0.89515,0,0,0.99452,0,0,0,0,0,0,0,0,0,0,0.39394
0,0,0,0,0,0,0,0,-1.3186,0,0.88821,0,0,0,0,0,0,0,0,0,0,0.4012
0,0,0,0,0,0,0,-0.75219,0,0,1.0349,0,0,0,0,0,0,0,0,0,0,0.37006
0,0,0,0,0,0,0,-0.97365,0,0,1.012,0,0,0,0,0,0,0,0,0,0,0.40458
0,0,0,0,-0.48072,0,0,0,0,0,0.97457,0,0,0,0,0,0,0,0,0,0,0.38446
0,0,0,0,0,0,0,-1.5728,0,0,1.0149,0,0,0,0,0,0,0,0,0,0,0.39749
0,0,0,0,0,0,0,-0.89126,0,0,1.0348,0,0,0,0,0,0,0,0,0,0,0.38978
0,0,0,0,0,0,-0.74764,0,0,0,0.99335,0,0,0,0,0,0,0,0,0,0,0.36494
0,0,0,0,0,0,0,-1.0536,0,0,0.99959,0,0,0,0,0,0,0,0,0,0,0.34998
0,0,0,0,0,0,0,0,-1.0385,0,0.97802,0,0,0,0,0,0,0,0,0,0,0.4168
0,0,0,0,0,0,0,0,-2.1389,0,0.97469,0,0,0,0,0,0,0,0,0,0,0.39272
0,0,0,0,0,0,0,-0.78231,0,0,0.96625,0,0,0,0,0,0,0,0,0,0,0.40589
0,0,0,0,0,0,0,-0.90908,0,0,1.0032,0,0,0,0,0,0,0,0,0,0,0.38909
0,0,0,0,0,0,0,0,-1.3947,0,1.0034,0,0,0,0,0,0,0,0,0,0,0.38652
0,0,0,0,0,0,0,-0.85503,0,0,0.9916,0,0,0,0,0,0,0,0,0,0,0.41899
0,0,0,0,0,0,0,-0.9811,0,0,1.038,0,0,0,0,0,0,0,0,0,0,0.3871
0,0,0,0,0,0,0,-1.2176,0,0,0.95522,0,0,0,0,0,0,0,0,0,0,0.36591
0,0,0,0,0,0,0,0,-1.5804,0,0.99547,0,0,0,0,0,0,0,0,0,0,0.38788
0,0,0,0,0,0,0,-1.3849,0,0,1.0377,0,0,0,0,0,0,0,0,0,0,0.40152
0,0,0,0,0,0,0,-0.94604,0,0,1.0243,0,0,0,0,0,0,0,0,0,0,0.43447
0,0,0,0,-0.3117,0,0,0,0,0,0.97081,0,0,0,0,0,0,0,0,0,0,0.41231
0,0,0,0,0,0,0,-0.66546,0,0,0.96354,0,0,0,0,0,0,0,0,0,0,0.37823
0,0,0,0,0,0,0,-1.0547,0,0,0.97048,0,0,0,0,0,0,0,0,0,0,0.35923
0,0,0,0,0,0,0,-1.0239,0,0,1.0115,0,0,0,0,0,0,0,0,0,0,0.36878
0,0,0,-1.3673,0,0,0,-0.68363,0,0,0.83745,0,0,0,0,0,0,0,0,0,0,0.4031
0,0,0,0,0,0,0,0,-1.5438,0,0.92357,0,0,0,0,0,0,0,0,0,0,0.36544
0,0,0,0,0,0,0,0,-1.9169,0,1.0226,0,0,0,0,0,0,0,0,0,0,0.44962
0,0,0,0,0,0,0,0,-2.3096,0,1.0048,0,0,0,0,0,0,0,0,0,0,0.37398
0,0,0,0,0,0,0,-0.96507,0,0,1.0256,0,0,0,0,0,0,0,0,0,0,0.3784
0,0,0,0,0,0,0,-0.88274,0,0,1.0224,0,0,0,0,0,0,0,0,0,0,0.43132
0,0,0,0,0,0,0,-0.7483,0,0,0.96901,0,0,0,0,0,0,0,0,0,0,0.39097
0,0,0,0,0,0,0,-1.0649,0,0,0.95773,0,0,0,0,0,0,0,0,0,0,0.43624
0,0,0,0,0,0,-0.82585,0,0,0,1.0999,0,0,0,0,0.081989,0,0,0,0,0,0.37215
0,0,0,0,0,0,0,-0.54008,0,0,0.97296,0,0,0,0,0,0,0,0,0,0,0.37455
0,0,0,0,0,0,0,-0.95039,0,0,0.97181,0,0,0,0,0,0,0,0,0,0,0.3684
0,0,0,0,0,0,0,0,-2.1691,0,0.99552,0,0,0,0,0,0,0,0,0,0,0.39964
0,0,0,0,0,0,0,0,-1.4381,0,0.99596,0,0,0,0,0,0,0,0,0,0,0.40217
0,0,0,0,0,0,0,-0.88112,0,0,0.97471,0,0,0,0,0,0,0,0,0,0,0.38707
0,0,0,0,0,0,0,-1.1064,0,0,1.0206,0,0,0,0,0,0,0,0,0,0,0.40662
0,0,0,0,0,0,0,-0.87206,0,0,1.0088,0,0,0,0,0,0,0,0,0,0,0.37733
0,0,0,0,0,0,-0.61279,0,0,0,1.0133,0,0,0,0,0,0,0,0,0,0,0.39746
0,0,0,0,0,0,0,-1.0032,0,0,0.96786,0,0,0,0,0,0,0,0,0,0,0.42055
0,0,0,0,0,0,0,0,-1.488,0,0.96314,0,0,0,0,0,0,0,0,0,0,0.3807
0,0,0,0,0,0,0,-0.9207,0,0,0.99842,0,0,0,0,0,0,0,0,0,0,0.38128
0,0,0,0,0,0,0,-1.107,0,0,1.0037,0,0,0,0,0,0,0,0,0,0,0.37335
0,0,0,0,0,0,0,0,-1.3573,0,0.94,0,0,0,0,0,0,0,0,0,0,0.36245
0,0,0,0,0,0,0,-0.93574,0,0,0.94668,0,0,0,0,0,0,0,0,0,0,0.39454
0,0,0,0,0,0,0,-0.99732,0,0,0.98262,0,0,0,0,0,0,0,0,0,0,0.36059
0,0,0,0,0,0,0,-1.1976,0,0,1.0293,0,0,0,0,0,0,0,0,0,0,0.42743
0,0,0,0,0,0,0,-0.91729,0,0,1.0437,0,0,0,0,0,0,0,0,0,0,0.4061
0,0,0,0,0,0,0,-1.2219,0,0,1.0404,0,0,0,0,0,0,0,0,0,0,0.42511
0,0,0,0,0,0,0,0,0,0,1.0384,0,0,0,0,0,0,0,-0.12296,0,0,0.39557
0,0,0,0,0,0,0,-1.1355,0,0,0.98221,0,0,0,0,0,0,0,0,0,0,0.41
0,0,0,0,0,0,-0.70775,0,0,0,0.98464,0,0,0,0,0,0,0,0,0,0,0.38078
0,0,0,0,0,0,0,-1.148,0,0,0.99087,0,0,0,0,0,0,0,0,0,0,0.46418
0,0,0,0,0,0,0,-0.71695,0,0,1.0437,0,0,0,0,0,0,0,0,0,0,0.37241
0,0,0,0,0,0,0,-0.83624,0,0,1.0105,0,0,0,0,0,0,0,0,0,0,0.38642
0,0,0,0,0,0,0,-0.96875,0,0,0.96053,0,0,0,0,0,0,0,0,0,0,0.40879
0,0,0,0,0,0,0,-1.0362,0,0,1.0356,0,0,0,0,0,0,0,0,0,0,0.37276
0,0,0,0,0,0,0,-0.75002,0,0,1.0047,0,0,0,0,0,0,0,0,0,0,0.40686
0,0,0,0,0,0,0,-1.3187,0,0,1.0174,0,0,0,0,0,0,0,0,0,0,0.4015
0,0,0,0,0,0,0,-0.97413,0,0,1.0003,0,0,0,0,0,0,0,0,0,0,0.39238
0,0,0,0,0,0,0,0,-1.3762,0,1.0151,0,0,0,0,0,0,0,0,0,0,0.39738
0,0,0,0,0,0,-0.89855,0,0,0,1.0223,0,0,0,0,0,0,0,0,0,0,0.40376
0,0,0,0,0,0,0,0,-1.3326,0,0.97809,0,0,0,0,0,0,0,0,0,0,0.40122
0,0,0,0,0,0,0,-0.83642,0,0,1.0194,0,0,0,0,0,0,0,0,0,0,0.38961
0,-0.51987,0,0,0,0,0,-1.2124,0,0,0.96676,0,0,0,0,0,0,0,0,0,0,0.36399
0,0,0,0,0,0,0,0,-1.4835,0,1.0429,0,0,0,0,0,0,0,0,0,0,0.38622
0,0,0,0,-0.49121,0,0,0,0,0,1.0286,0,0,0,0,0,0,0,0,0,0,0.40951
0,0,0,0,-0.47049,0,0,0,0,0,0.98974,0,0,0,0,0,0,0,0,0,0,0.39382
0,0,0,0,0,0,0,-1.1339,0,0,0.97706,0,0,0,0,0,0,0,0,0,0,0.43181
0,0,0,0,0,0,0,-1.0421,0,0,0.99711,0,0,0,0,0,0,0,0,0,0,0.36658
0,0,0,0,0,0,0,-1.0742,0,0,1.0134,0,0,0,0,0,0,0,0,0,0,0.4073
0,0,0,0,-0.32497,0,0,0,0,0,0.99677,0,0,0,0,0,0,0,0,0,0,0.3675
0,0,0,0,0,0,0,-0.96934,0,0,0.8704,0,0.021821,0,0,0,0,0,0,0,0,0.41635
0,0,0,0,0,0,-0.45668,0,0,0,0.97859,0,0,0,0,0,0,0,0,0,0,0.42505
0,0,0,0,0,0,0,-0.94236,0,0,0.97836,0,0,0,0,0,0,0,0,0,0,0.41046
0,0,0,0,-0.3519,0,0,0,0,0,0.97085,0,0,0,0,0,0,0,0,0,0,0.41738
0,0,0,0,0,0,0,-0.91145,0,0,1.0118,0,0,0,0,0,0,0,0,0,0,0.39909
0,0,0,0,0,0,0,0,-1.3826,0,0.98721,0,0,0,0,0,0,0,0,0,0,0.37229
0,0,0,0,0,0,0,0,-1.6644,0,0.9852,0,0,0,0,0,0,0,0,0,0,0.42702
0,0,0,0,-0.51386,0,0,0,0,0,1.0164,0,0,0,0,0,0,0,0,0,0,0.39794
0,0,0,0,-0.40957,0.43041,0,0,0,0,1.0206,0,0,0,0,0,0,0,0,0,0,0.38892
0,0,0,0,0,0,0,-0.91613,0,0,1.0047,0,0,0,0,0,0,0,0,0,0,0.39788
0,0,0,0,0,0,0,-0.87141,0,0,0.96931,0,0,0,0,0,0,0,0,0,0,0.38903
0,0,0,0,0,0,0,-1.0626,0,0,1.0047,0,0,0,0,0,0,0,0,0,0,0.42293
0,0,0,0,0,0,0,-1.013,0,0,1.0265,0,0,0,0,0,0,0,0,0,0,0.40273
0,0,0,0,0,0,0,-0.93995,0,0,0.97839,0,0,0,0,0,0,0,0,0,0,0.40812
0,0,0,0,0,0,0,-0.96908,0,0,0.96736,0,0,0,0,0,0,0,0,0,0,0.41248
0,0,0,0,0,0,0,-0.90373,0,0,1.0246,0,0,0,0,0,0,0,0,0,0,0.38727
0,0,0,0,0,0,0,-0.95769,0,0,0.97564,0,0,0,0,0,0,0,0,0,0,0.42548
