0,0,0,0,0,0,0,-1.4385,0.79477,0,1.0055,0,0,0,0,0,0,0,0,0,0,0.093663
0,0,0,0,0,0,0,-0.99286,0,0,1.0057,0,0,0,0,0,0,0,0,0,0,0.11248
0,0,0,0,0,0,0,-1.0335,0,0,0.99632,0,0,0,0,0,0,0,0,0,0,0.10678
0,0,0,0,0,0,0,-1.0261,0,0,0.99412,0,0,0,0,0,0,0,0,0,0,0.1045
0,0,0,0,0,0,0,-1.0836,0,0,0.99938,0,0,0,0,0,0,0,0,0,0,0.10169
0,0,0,0,0,0,0,-1.1063,0,0,0.98065,0,0,0,0,0,0,0,0,0,0,0.10034
0,0,0,0,0,0,0,-1.0506,0,0,0.98815,0,0,0,0,0,0,0,0,0,0,0.10784
0,0,0,0,0,0,0,-1.027,0,0,0.98232,0,0,0,0,0,0,0,0,0,0,0.10254
0,0,0,0,0,0,0,-0.97033,0,0,0.99367,0,0,0,0,0,0,0,0,0,0,0.10746
0,0,0,0,0,0,0,-0.95314,0,0,0.99229,0,0,0,0,0,0,0,0,0,0,0.099477
0,0,0,0,0,0,0,-0.91978,0,0,0.96826,0,0,0,0,0,0,0,0,0,0,0.10655
0,0,0,0,0,0,0,-0.93367,0,0,1.0145,0,0,0,0,0,0,0,0,0,0,0.090227
0,0,0,0,0,0,0,-0.98293,0,0,1.0001,0,0,0,0,0,0,0,0,0,0,0.092519
0,0,0,0,0,0,0,-1.0183,0,0,0.98968,0,0,0,0,0,0,0,0,0,0,0.093872
0,0,0,0,0,0,0,-1.1456,0,0,0.9927,0,0,0,0,0,0,0,0,0,0,0.10767
0,0,0,0,0,0,0,-0.95422,0,0,1.0089,0,0,0,0,0,0,0,0,0,0,0.10017
0,0,0,0,0,0,0,-0.98699,0,0,0.99904,0,0,0,0,0,0,0,0,0,0,0.10674
0,0,0,0,0,0,0,-1.0186,0,0,0.99086,0,0,0,0,0,0,0,0,0,0,0.082661
0,0,0,0,0,0,0,-0.86522,0,0,0.99151,0,0,0,0,0,0,0,0,0,0,0.1029
0,0,0,0,0,0,0,-1.0393,0,0,0.9897,0,0,0,0,0,0,0,0,0,0,0.097492
0,0,0,0,0,0,0,-0.92473,0,0,0.98876,0,0,0,0,0,0,0,0,0,0,0.098963
0,0,0,0,0,0,0,-0.94645,0,0,1.0021,0,0,0,0,0,0,0,0,0,0,0.10621
0,0,0,0,0,0,0,-0.90671,0,0,0.99746,0,0,0,0,0,0,0,0,0,0,0.096444
0,0,0,0,0,0,0,-0.95799,0,0,0.99804,0,0,0,0,0,0,0,0,0,0,0.10585
0,0,0,0,0,0,0,-1.0332,0,0,0.99985,0,0,0,0,0,0,0,0,0,0,0.099626
0,0,0,0,0,0,0,-1.0459,0,0,0.98017,0,0,0,0,0,0,0,0,0,0,0.091092
0,0,0,0,0,-0.095817,0,-0.86936,0,0,0.99639,0,0,0,0,0,0,0,0,0,0,0.0919
0,0,0,0,0,0,0,-1.0947,0,0,1.0034,0,0,0,0,0,0,0,0,0,0,0.10092
0,0,0,0,0,0,0,-0.96823,0,0,1.0034,0,0,0,0,0,0,0,0,0,0,0.10836
0,0,0,0,0,0,0,-0.91744,0,0,0.98523,0,0,0,0,0,0,0,0,0,0,0.10658
0,0,0,0,0,0,0,-0.90167,0,0,0.98847,0,0,0,0,0,0,0,0,0,0,0.090133
0,0,0,0,0,0,0,-1.0131,0,0,0.98833,0,0,0,0,0,0,0,0,0,0,0.090944
0,0,0,0,0,0,0,-1.0087,0,0,0.99834,0,0,0,0,0,0,0,0,0,0,0.093209
0,0,0,0,0,0,0,-0.95876,0,0,0.98475,0,0,0,0,0,0,0,0,0,0,0.094572
0,0,0,0,0,0,0,-0.94956,0,0,0.98805,0,0,0,0,0,0,0,0,0,0,0.095686
0,0,0,0,0,0,0,-0.84864,0,0,0.99835,0,0,0,0,0,0,0,-0.044284,0,0,0.10284
0,0,0,0,0,0,0,-1.0819,0,0,0.97285,0,0,0,0,0,0,0.1136,0,0,0,0.089472
0,0,0,0,0,0,0,-0.98536,0,0,1.0042,0,0,0,0,0,0,0,0,0,0,0.092348
0,0,0,0,0,-0.14541,0,-0.86435,0,0,1.0088,0,0,0,0,0,0,0,0,0,0,0.10214
0,0,0,0,0,0,0,-0.92668,0,0,0.99086,0,0,0,0,0,0,0,0,0,0,0.10121
0,0,0,0,0,0,0,-1.0142,0,0,0.98676,0,0,0,0,0,0,0,0,0,0,0.11082
0,0,0,0,0,0,0,-1.0094,0,0,0.9902,0,0,0,0,0,0,0,0,0,0,0.089353
0,0,0,0,0,0,0,-0.85831,0,0,0.98794,0,0,0,0,0,0,0,0,0,0,0.094198
0,0,0,0,0,0,0,-0.95924,0,0,0.98805,0,0,0,0,0,0,0,0,0,0,0.09717
0,0,0,0,0,0,0,-1.0712,0,0,0.99457,0,0,0,0,0,0,0,0,0,0,0.10039
0,0,0,0,0,0,0,-0.97834,0,0,1.007,0.016954,0,0,0,0,0,0,0,0,0,0.098602
0,0,0,0,0,0,0,-0.96206,0,0,0.98684,0,0,0,0,0,0,0,0,0,0,0.097948
0,0,0,0,0,0,0,-1.0193,0,0,1.0033,0,0,0,0,0,0,0,0,0,0,0.10486
0,0,0,0,0,0,0,-0.95393,0,0,0.99703,0,0,0,0,0,0,0,0,0,0,0.099568
0,0,0,0,0,-0.13605,0,-0.81666,0,0,0.99919,0,0,0,0,0,0,0,0,0,0,0.090135
0,0,0,0,0,0,0,-0.98561,0,0,0.98667,0,0,0,0,0,0,0,0,0,0,0.10285
0,0,0,0,0,0,0,-0.97674,0,0,0.98845,0,0,0,0,0,0,0,0,0,0,0.073207
0,0,0,0,0,0,0,-0.95456,0,0,0.99447,0,0,0,0,0,0,0,0,0,0,0.10052
0,0,0,0,0,0,0,-1.0107,0,0,0.99787,0,0,0,0,0,0,0,0,0,0,0.096743
0,0,0,0,0,0,0,-0.94826,0,0,0.98262,0,0,0,0,0,0,0,0,0,0,0.099316
0,0,0,0,0,0,0,-0.97046,0,0,0.98254,0,0,0,0,0,0,0,0,0,0,0.10154
0,0,0,0,0,0,0,-0.99439,0,0,0.99369,0,0,0,0,0,0,0,0,0,0,0.093438
0,0,0,0,0,0,0,-1.0295,0,0,1.0033,0,0,0,0,0,0,0,0,0,0,0.10749
0,0,0,0,0,0,0,-0.9666,0,0,1.0088,0,0,0,0,0,0,0,0,0,0,0.099003
0,0,0,0,0,0,0,-1.0472,0,0,1.0057,0,0,0,0,0,0,0,0,0,0,0.10344
0,0,0,0,0,0,0,-0.95748,0,0,1.0022,0,0,0,0,0,0,0,0,0,0,0.097911
0,0,0,0,0,0,0,-1.0281,0,0,0.98501,0,0,0,0,0,0,0,0,0,0,0.10106
0,0,0,0,0,0,0,-1.0086,0,0,0.99157,0,0,0,0,0,-0.053122,0,0,0,0,0.10256
0,0,0,0,0,0,0,-1.0346,0,0,0.99266,0,0,0,0,0,0,0,0,0,0,0.11527
0,0,0,-0.2207,0,0,0,-0.91227,0,0,0.98761,0,0,0,0,0,0,0,0,0,0,0.095286
0,0,0,0,0,0,0,-0.96106,0,0,0.99553,0,0,0,0,0,0,0,0,0,0,0.093922
0,0,0,0,0,0,0,-0.98483,0,0,0.98456,0,0,0,0,0,0,0,0,0,0,0.099761
0,0,0,0,0,0,0,-0.99217,0,0,1.0023,0,0,0,0,0,0,0,0,0,0,0.097209
0,0,0,0,0,0,0,-0.93548,0,0,1.0074,0,0,0,0,0,0,0,0,0,0,0.10123
0,0,0,0,0,0,0,-1.0532,0,0,0.9939,0,0,0,0,0,0,0,0,0,0,0.10257
0,0,0,0,0,0,0,-0.99574,0,0,0.99713,0,0,0,0,0,0,0,0,0,0,0.10237
0,0,0,0,0,0,0,-0.95435,0,0,1.0032,0,0,0,0,0,0,0,0,0,0,0.10033
0,0,0,0,0,0,0,-1.0191,0,0,1.0004,0,0,0,0,0,0,0,0,0,0,0.10174
0,0,0,0,0,0,0,-0.83835,0,-0.22236,0.98804,0,0,0,0,0,0,0,0,0,0,0.10019
0,0,0,0,0,0,0,-0.95421,0,0,1.0028,0,0,0,0,0,0,0,0,0,0,0.097352
0,0,0,0,0,0,0,-1.1003,0,0,1.0052,0,0,0,0,0,0,0,0,0,0,0.10044
0,0,0,0,0,0,0,-0.94382,0,0,1.0125,0,0,0,0,0,0,0,0,0,0,0.095184
0,0,0,0,0,0,0,-1.0134,0,0,1.0041,0,0,0,0,0,0,0,0,0,0,0.099184
0,0,0,0,0,0,0,-0.94313,0,0,1.0037,0,0,0,0,0,0,0,0,0,0,0.10239
0,0,0,0,0,0,0,-1.0612,0,0,0.97241,0,0,0,0,0,0,0,0,0,0,0.11001
0,0,0,0,0,0,0,-1.0009,0,0,0.99022,0,0,0,0,0,0,0,0,0,0,0.094834
0,0,0,0,0,0,0,-1.0265,0,0,1.002,0,0,0,0,0,0,0,0,0,0,0.099647
0,0,0,0,0,0,0,-0.92406,0,0,0.99629,0,0,0,0,0,0,0,0,0,0,0.095865
0,0,0,0,0,0,0,-0.95607,0,0,0.99106,0,0,0,0,0,0,0,0,0,0,0.10736
0,0,0,0,0,0,-0.18879,-0.67803,0,0,0.99424,0,0,0,0,0,0,0,0,0,0,0.10858
0,0,0,0,0,0,0,-0.97255,0,0,0.99416,0,0,0,0,0,0,0,0,0,0,0.099238
0,0,0,0,0,0,0,-0.88954,0,0,0.9844,0,0,0,0,0,0,0,0,0,0,0.10849
0,0,0,0,0,0,0,-0.9417,0,0,1.0002,0,0,0,0,0,0,0,0,0,0,0.097785
0,0,0,0,0,0,0,-0.94408,0,0,0.99831,0,0,0,0,0,0,0,0,0,0,0.087664
0,0,0,0,0,0,0,-0.96752,0,0,0.98957,0,0,0,0,0,0,0,0,0,0,0.10386
0,0,0,0,0,0,0,-0.96295,0,0,0.99126,0,0,0,0,0,0,0,0,0,0,0.089209
0,0,0,0,0,0,0,-1.0053,0,0.22333,1.0069,0,0,0,0,0,0,0,0,0,0,0.098217
0,0,0,0,0,0,0,-0.95456,0,0,0.99533,0,0,0,0,0,0,0,0,0,0,0.097959
0,0,0,0,0,0,0,-0.94426,0,0,0.98822,0,0,0,0,0,0,0,0,0,0,0.096807
0,0,0,0,0,0,0,-0.99562,0,0,0.99999,0,0,0,0,0,0,0,0,0,0,0.10574
0,0,0,0,0,-0.085241,0,-0.94188,0,0,1.0041,0,0,0,0,0,0,0,0,0,0,0.095587
0,0,0,0,0,0,0,-0.9782,0,0,0.99169,0,0,0,0,0,0,0,0,0,0,0.10152
0,0,0,0,0,0,0,-0.96767,0,0,0.98676,0,0,0,0,0,0,0,0,0,0,0.10076
0,0,0,0,0,0,0,-0.93331,0,0,1.0026,0,0,0,0,0,0,0,0,0,0,0.098701
0,0,0,0,0,0,0,-0.98242,0,0,0.98753,0,0,0,0,0,0,0,0,0,0,0.10554
