0,0,0,0,0,0,0,-1.0988,0,0,1.0095,0,0,0,0,0,0,0,0,0,0,0.094746
0,0,0,0,0,0,0,-1.0193,0,0,0.99739,0,0,0,0,0,0,0,0,0,0,0.10662
0,0,0,0,0,0,0,-1.0284,0,0,0.99613,0,0,0,0,0,0,0,0,0,0,0.1063
0,0,0,0,0,0,0,-0.9519,0,0,0.99244,0,0,0,0,0,0,0,0,0,0,0.10915
0,0,0,0,0,0,0,-1.0833,0,0,0.99927,0,0,0,0,0,0,0,0,0,0,0.097219
0,0,0,0,0,0,0,-1.0979,0,0,0.98569,0,0,0,0,0,0,0,0,0,0,0.097467
0,0,0,0,0,0,0,-1.0692,0,0,0.97968,0,0,0,0,0,0,0,0,0,0,0.10209
0,0,0,0,0,0,0,-1.0289,0,0,0.98331,0,0,0,0,0,0,0,0,0,0,0.10395
0,0,0,0,0,0,0,-0.96951,0,0,0.99303,0,0,0,0,0,0,0,0,0,0,0.10635
0,0,0,0,0,0,0,-0.95285,0,0,0.99267,0,0,0,0,0,0,0,0,0,0,0.10036
0,0,0,0,0,0,0,-0.96666,0,0,1.0276,0,0,0,-0.11392,0,0,0,0,0,0,0.10163
0,0,0,0,0,0,0,-0.92195,0,0,1.012,0,0,0,0,0,0,0,0,0,0,0.086307
0,0,0,0,0,0,0,-0.98186,0,0,1.0011,0,0,0,0,0,0,0,0,0,0,0.09539
0,0,0,0,-0.090762,0,0,-0.83009,0,0,0.99215,0,0,0,0,0,0,0,0,0,0,0.08876
0,0,0,0,0,0,0,0,0,0,0.94282,0,0,0,0,0,0,0,0,0,0,0.10714
0,0,0,0,0,0,0,-0.96995,0,0,1.016,0,0,0,0,0,0,0,0,0,0,0.10106
0,0,0,0,0,0,0,-0.98726,0,0,0.99614,0,0,0,0,0,0,0,0,0,0,0.10613
0,0,0,0,0,0,0,-1.0096,0,0,0.99381,0,0,0,0,0,0,0,0,0,0,0.082633
0,0,0,0,0,0,0,0,0,0,0.97019,0,0,0,0,0,0,0,0,0,0,0.10778
0,0,0,0,0,0,0,-0.88542,0,0,0.98858,0,0,0,0,0,0,0,0,0,0,0.090698
0,0,0,0,0,0,0,-0.92664,0,0,0.9893,0,0,0,0,0,0,0,0,0,0,0.099612
0,0,0,0,0,0,0,-0.94797,0,0,1.0004,0,0,0,0,0,0,0,0,0,0,0.10354
0,0,0,0,0,0,0,-0.87749,0,0,0.99907,0,0,0,0,0,0,0,0,0,0,0.098032
0,0,0,0,0,0,0,-0.96799,0,0,1.006,0,0,0,0,0,0,0,0,0,0,0.11245
0,0,0,0,0,0,0,-1.0333,0,0,0.9999,0,0,0,0,0,0,0,0,0,0,0.099808
0,0,0,0,0,0,0,-1.0337,0,0,0.98336,0,0,0,0,0,0,0,0,0,0,0.086916
0,0,0,0,0,0,0,-0.92047,0,0,0.99349,0,0,0,0,0,0,0,0,0,0,0.097914
0,0,0,0,0,0,0,-1.0888,0,0,1.0038,0,0,0,0,0,0,0,0,0,0,0.1033
0,0,0,0,0,0,0,-0.96952,0,0,1.0045,0,0,0,0,0,0,0,0,0,0,0.10838
0,0,0,0,0,0,0,-0.91723,0,0,0.98296,0,0,0,0,0,0,0,0,0,0,0.099748
0,0,0,0,0,0,0,-0.89747,0,0,1.0008,0,0,0,0,0,0,0,0,0,0,0.088228
0,0,0,0,0,0,0,-1.0144,0,0,0.99003,0,0,0,0,0,0,0,0,0,0,0.092749
0,0,0,0,0,0,0,-1.0101,0,0,1.0012,0,0,0,0,0,0,0,0,0,0,0.097127
0,0,0,0,0,0,0,-0.98265,0,0,0.9688,0,0,0,0,0,0,0,0,0,0,0.10116
0,0,0,0,0,0,0,-0.93001,0,0,0.98389,0,0,0,0,0,0,0,0,0,0,0.094659
0,0,0,0,0,0,0,0,-1.5709,0,0.99164,0,0,0,0,0,0,0,-0.074171,0,0,0.091826
0,0,0,0,0,0,0,-1.0402,0,0,0.98395,0,0,0,0,0,0,0.10577,0,0,0,0.099865
0,0,0,0,0,0,0,-0.98511,0,0,1.0043,0,0,0,0,0,0,0,0,0,0,0.095955
0,0,0,0,0,0,0,-0.97146,0,0,1.0019,0,0,0,0,0,0,0,0,0,0,0.1106
0,0,0,0,0,0,0,-1.0419,0,0,0.99904,0,0,0,0,0,0,0,0,0,0,0.093393
0,0,0,0,0,0,0,-1.0744,0,0,0.98034,0,0,0,0,0,0,0,0,0,0,0.10186
0,0,0,0,0,0,0,-1.0054,0,0,1.0351,0,0,-0.079026,0,0,0,0,0,0,0,0.094803
0,0,0,0,0,0,0,-0.94947,0,0,0.9943,0,0,0,0,0,0,0,0,0,0,0.090547
0,0,0,0,0,0,0,-0.96235,0,0,0.98969,0,0,0,0,0,0,0,0,0,0,0.094765
0,0,0,0,0,0,0,0,-2.7076,0,1.0023,0,0,0,0,0,0,0,0,0,0,0.10433
0,0,0,0,0,0,0,-0.98067,0,0,0.98816,0,0,0,0,0,0,0,0,0,0,0.1028
0,0,0,0,0,0,0,-0.9587,0,0,0.98566,0,0,0,0,0,0,0,0,0,0,0.098198
0,0,0,0,0,0,0,-1.0177,0,0,1.0023,0,0,0,0,0,0,0,0,0,0,0.10699
0,0,0,0,0,0,0,-0.96293,0,0,0.99598,0,0,0,0,0,0,0,0,0,0,0.094963
0,0,0,0,0,0,0,-0.92773,0,0,0.99847,0,0,0,0,0,0,0,0,0,0,0.094595
0,0,0,0,0,0,0,-0.98826,0,0,0.98741,0,0,0,0,0,0,0,0,0,0,0.10251
0,0,0,0,0,0,0,-0.93976,0,0,0.98756,0,0,0,0,0,0,0,0,0,0,0.097532
0,0,0,0,0,0,0,-0.98645,0,0,0.99277,0,0,0,0,0,0,0,0,0,0,0.092282
0,0,0,0,0,0,0,-1.0078,0,0,1.0085,0,0,0,0,0,0,0,0,0,0,0.097011
0,0,0,0,0,0,0,-0.95272,0,0,0.98342,0,0,0,0,0,0,0,0,0,0,0.094886
0,0,0,0,0,0,0,-0.97244,0,0,0.98316,0,0,0,0,0,0,0,0,0,0,0.092083
0,0,0,0,-0.25457,0,0,0,0,0,0.97676,0,0,0,0,0,0,0,0,0,0,0.10108
0,0,0,0,0,0,0,-1.0314,0,0,1.0036,0,0,0,0,0,0,0,0,0,0,0.1064
0,0,0,0,0,0,0,-0.96506,0,0,1.0078,0,0,0,0,0,0,0,0,0,0,0.10039
0,0,0,0,0,0,0,-1.0471,0,0,1.0057,0,0,0,0,0,0,0,0,0,0,0.1042
0,0,0,0,0,0,0,-0.95564,0,0,1.0039,0,0,0,0,0,0,0,0,0,0,0.094023
0,0,0,0,0,0,0,-1.0141,0,0,0.99493,0,0,0,0,0,0,0,0,0,0,0.099859
0,0,0,0,0,0,0,-1.0074,0,0,0.9914,0,0,0,0,0,-0.05269,0,0,0,0,0.098415
0,0,0,0,0,0,0,-1.0364,0,0,0.99333,0,0,0,0,0,0,0,0,0,0,0.116
0,0,0,0,0,0,0,-0.93385,0,0,1.0112,0,0,0,0,0,0,0,0,0,0,0.099263
0,0,0,0,0,0,0,-0.95461,0,0,1.0006,0,0,0,0,0,0,0,0,0,0,0.097232
0,0,0,0,0,0,0,-0.98193,0,0,0.98559,0,0,0,0,0,0,0,0,0,0,0.09746
0,0,0,0,0,0,0,-0.99145,0,0,1.0051,0,0,0,0,0,0,0,0,0,0,0.091078
0,0,0,0,0,0,0,-0.92531,0,0,1.006,0,0,0,0,0,0,0,0,0,0,0.10574
0,0,0,0,0,0,0,-1.0184,0,0,0.98563,0,0,0,0,0,0,0,0,0,0,0.1042
0,0,0,0,0,0,0,-0.9736,0,0,0.99856,0,0,0,0,0,0,0,0,0,0,0.096484
0,0,0,0,0,0,0,-0.92033,0,0,1.0004,0,0,0,0,0,0,0,0,0,0,0.091007
0,0,0,0,0,0,0,-0.9549,0,-0.21388,0.99618,0,0,0,0,0,0,0,0,0,0,0.097945
0,0,0,0,0,0,0,-0.90959,0,0,0.99365,0,0,0,0,0,0,0,0,0,0,0.09995
0,0,0,0,0,0,0,-0.94133,0,0,1.0035,0,0,0,0,0,0,0,0,0,0,0.095557
0,0,0,0,0,0,0,-1.0947,0,0,1.0045,0,0,0,0,0,0,0,0,0,0,0.10111
0,0,0,0,0,0,0,-0.88143,0,0,0.99738,0,0,0,0,0,0,0,0,0,0,0.103
0,0,0,0,0,0,0,-0.96121,0,0,0.96056,0,0,0,0.27931,0,0,0,0,0,0,0.10125
0,0,0,0,0,0,-0.20375,-0.73928,0,0,1.0102,0,0,0,0,0,0,0,0,0,0,0.10556
0,0,0,0,0,0,0,-0.92688,0,0,0.96134,0,0.012518,0,0,0,0,0,0,0,0,0.10746
0,0,0,0,0,0,0,-1.0037,0,0,0.99208,0,0,0,0,0,0,0,0,0,0,0.094015
0,0,0,0,0,0,0,-1.0273,0,0,1.0012,0,0,0,0,0,0,0,0,0,0,0.098218
0,0,0,0,0,0,0,-0.92622,0,0,0.99658,0,0,0,0,0,0,0,0,0,0,0.094217
0,0,0,0,0,0.094501,0,-1.0068,0,0,0.96157,0,0,0,0.090146,0,0,0,0,0,0,0.097821
0,0,0,0,0,0,-0.17529,-0.68533,0,0,0.99324,0,0,0,0,0,0,0,0,0,0,0.098178
0,0,0,0,0,0,0,-0.97324,0,0,0.99404,0,0,0,0,0,0,0,0,0,0,0.099775
0,0,0,0,0,0,0,-0.94605,0,0,0.9867,0,0,0,0,0,0,0,0,0,0,0.10624
0,0,0,0,0,0,0,-0.94125,0,0,1.0018,0,0,0,0,0,0,0,0,0,0,0.10354
0,0,0,0,0,0,0,-0.92951,0,0,0.99915,0,0,0,0,0,0,0,0,0,0,0.096771
0,0,0,0,0,0,0,-0.96474,0,0,0.99148,0,0,0,0,0,0,0,0,0,0,0.10363
0,0,0,0,0,0,0,-0.95906,0,0,0.98961,0,0,0,0,0,0,0,0,0,0,0.091932
0,0,0,0,0,0,0,-1.0049,0,0.22119,1.0067,0,0,0,0,0,0,0,0,0,0,0.09895
0,0,0,0,0,0,0,-0.9501,0,0,0.99491,0,0,0,0,0,0,0,0,0,0,0.09433
0,0,0,0,0,0,0,-0.94821,0,0,0.98812,0,0,0,0,0,0,0,0,0,0,0.097902
0,0,0,0,0,0,0,-1.0768,0,0,1.0166,0,0,0,0,0,0,0,0,0,0,0.10213
0,0,0,0,0,-0.10816,0,-0.93357,0,0,1.0054,0,0,0,0,0,0,0,0,0,0,0.098877
0,0,0,0,0,0,0,-0.98592,0,0,0.99251,0,0,0,0,0,0,0,0,0,0,0.10334
0,0,0,0,0,0,0,-0.96621,0,0,0.98548,0,0,0,0,0,0,0,0,0,0,0.10489
0,0,0,0,0,0,0,-1.0412,0,0,1.0053,0,0,0,0,0,0,0,0,0,0,0.097328
0,0,0,0,0,0,0,-0.98587,0,0,0.98854,0,0,0,0,0,0,0,0,0,0,0.1069
