0,0,0,0,0,0,0,0,0,0,1.2097,0,0,0,0,0,0,0,0,0,0,0.76959
0,0,0,0,0,0,0,-1.2807,0,0,1.0314,0,0,0,0,0,0,0,0,0,0,0.85209
0,0,0,0,-0.65836,0,0,0,0,0,1.0346,0,0,0,0,0,0,0,0,0,0,0.83988
0,0,0,0,0,0,0,0,0,0,0.97532,0,0,0,0,0,0,0,0,0,0,0.89855
0,0,0,0,0,0,0,0,0,0,1.0566,0,0,0,0,0,0,0,0,0,0,0.77663
0,0,0,0,0,0,0,0,-3.6184,0,0.87745,0,0,0,0,0,0,0,0,0,0,0.78848
0,0,0,0,0,0,0,-1.5292,0,0,0.87845,0,0,0,0,0,0,0,0,0,0,0.83084
0,0,0,0,0,0,0,-1.3471,0,0,0.91032,0,0,0,0,0,0,0,0,0,0,0.84001
0,0,0,0,0,0,0,0,0,0,0.97368,0,0,0,0,0,0,0,-0.27142,0,0,0.82059
0,0,0,0,0,0,0,0,0,-1.4393,0.94254,0,0,0,0,0,0,0,0,0,0,0.78719
0,0,0,0,0,0,0,0,0,0,1.244,0,0,0,-0.90169,0,0,0,0,0,0,0.83666
0,0,0,0,0,0,0,0,0,0,1.1474,0,0,0,0,0,0,0,0,0,0,0.7392
0,0,0,0,0,0,0,-0.98436,0,0,1.0503,0,0,0,0,0,0,0,0,0,0,0.75815
0,0,0,0,-0.58538,0,0,0,0,0,0.95713,0,0,0,0,0,0,0,0,0,0,0.74495
0,0,0,0,0,0,0,0,0,0,0.78347,0,0,0,0,0,0,0,0,0,0,0.82243
0,0,0,0,0,0,0,0,0,0,1.1585,0,0,0,0,0,0,0,0,0,0,0.8193
0,0,0,0,0,0,-0.93869,0,0,0,1.0033,0,0,0,0,0,0,0,0,0,0,0.83044
0,0,0,0,0,0,0,0,0,0,0.97612,0,0,0,0,0,0,0,0,0,0,0.80187
0,0,0,0,0,0,0,0,0,0,0.98348,0,0,0,0,0,0,0,0,0,0,0.81458
0,0,0,0,0,0,0,0,0,0,0.94568,0,0,0,0,0,0,0,0,0,0,0.74895
0,0,0,0,0,0,0,0,0,0,0.92615,0,0,0,0,0,0,0,0,0,0,0.80391
0,0,0,0,0,0,0,0,0,0,1.0338,0,0,0,0,0,0,0,0,0,0,0.83775
0,0,0,0,0,0,0,0,0,0,1.0254,0,0,0,0,0,0,0,0,0,0,0.78248
0,0,0,0,0,0,0,0,0,0,1.0115,0,0,0,0,0,0,0,0,0,0,0.84812
0,0,0,0,-0.7836,0,0,0,0,0,0.96615,0,0,0,0,0,0,0,0,0,0,0.76662
0,0,0,0,0,0,0,0,0,0,0.83334,0,0,0,0,0,0,0,0,0,0,0.8131
0,0,0,0,0,0,0,0,0,0,0.98555,0,0,0,0,0,0,0,0,0,0,0.73895
0,0,0,0,0,0,0,0,-5.909,0,1.0681,0,0,0,0,0,0,0,0,0,0,0.75866
0,0,0,0,0,0,0,0,0,0,1.0713,0,0,0,0,0,0,0,0,0,0,0.89122
0,0,0,0,0,0,0,0,0,0,0.89782,0,0,0,0,0,0,0,0,0,0,0.85998
0,0,0,0,0,0,0,0,0,0,1.0339,0,0,0,0,0,0,0,0,0,0,0.70485
0,0,0,0,0,0,0,-1.1959,0,0,0.93173,0,0,0,0,0,0,0,0,0,0,0.78694
0,0,0,0,0,0,0,0,0,0,1.0193,0,0,0,0,0,0,0,-0.30312,0,0,0.72961
0,0,0,0,0,0,0,0,0,0,0.78672,0,0,0,0,0,0,0,0,0,0,0.75544
0,0,0,0,0,0,0,0,0,0,0.92382,0,0,0,0,0,0,0,0,0,0,0.80848
0,0,0,0,0,0,0,0,0,0,0.96216,0,0,0,0,0,0,0,-0.38127,0,0,0.73291
0,0,0,0,0,0,0,-1.6203,0,0,1.0448,0,0,0,0,0,0,0,0,0,0,0.84444
0,0,0,0,0,0,0,0,0,0,0.99613,0,0,0,0,0,0,0,0,0,0,0.82534
0,0,0,0,0,0,0,0,0,0,1.0229,0,0,0,0,0,0,0,0,0,0,0.84375
0,0,0,0,0,0,0,0,-3.7175,0,1.0331,0,0,0,0,0,0,0,0,0,0,0.76782
0,0,0,0,0,0,0,-1.676,0,0,0.87982,0,0,0,0,0,0,0,0,0,0,0.82014
0,0,0,0,0,0,-1.6143,0,0,0,0.96285,0,0,0,0,0,0,0,0,0,0,0.66888
0,0,0,0,0,0,0,0,0,0,0.98679,0,0,0,0,0,0,0,0,0,0,0.73126
0,0,0,0,0,0,0,0,0,0,0.94158,0,0,0,0,0,0,0,0,0,0,0.76331
0,0,0,0,0,0,0,0,0,0,0.94977,0,0,0,0,0,0,0,0,0,0,0.75588
0,0,0,0,0,0,-0.76353,0,0,0,0.94584,0,0,0,0,0,0,0,0,0,0,0.7659
0,0,0,0,0,0,-0.70621,0,0,0,0.93964,0,0,0,0,0,0,0,0,0,0,0.76026
0,0,0,0,-0.60203,0,0,0,0,0,1.0743,0,0,0,0,0,0,0,0,0,0,0.83183
0,0,0,0,0,0,0,0,0,0,1.0276,0,0,0,0,0,0,0,0,0,0,0.75426
0,0,0,0,0,0,0,0,0,0,1.0374,0,0,0,0,0,0,0,0,0,0,0.77977
0,0,0,0,0,0,0,0,-1.819,0,0.92519,0,0,0,0,0,0,0,0,0,0,0.83851
0,0,0,0,0,0,0,0,0,0,0.86867,0,0,0,0,0,0,0,0,0,0,0.79781
0,0,0,0,0,0,0,0,0,0,0.97788,0,0,0,0,0,0,0,0,0,0,0.74457
0,0,0,0,0,0,0,-1.1637,0,0,1.0993,0,0,0,0,0,0,0,0,0,0,0.77603
0,0,0,0,0,0,0,0,0,0,0.90056,0,0,0,0,0,0,0,0,0,0,0.76605
0,0,0,0,0,0,0,-0.91236,0,0,0.90568,0,0,0,0,0,0,0,0,0,0,0.79965
0,0,0,0,0,0,0,0,0,0,1.0773,0,0,0,0,0,0,0,0,0,0,0.82393
0,0,0,0,0,0,0,-1.3641,0,0,1.0655,0,0,0,0,0,0,0,0,0,0,0.8055
0,0,0,0,0,0,0,0,0,0,1.084,0,0,0,0,0,0,0,0,0,0,0.71425
0,0,0,0,0,0,0,0,-2.2807,0,0.6589,0,0.080284,0,0,0,0,0,0,0,0,0.79615
0,0,0,0,0,0,0,0,0,0,1.0432,0,0,0,0,0,0,0,-0.23598,0,0,0.76272
0,0,0,0,0,0,0,-1.2075,0,0,0.98007,0,0,0,0,0,0,0,0,0,0,0.78409
0,0,0,0,0,0,0,0,0,0,1.0255,0,0,0,0,0,0,0,0,0,0,0.78543
0,0,0,0,0,0,0,-1.3946,0,0,0.97932,0,0,0,0,0,0,0,0,0,0,0.84491
0,0,0,0,0,0,0,0,0,0,1.1275,0,0,0,0,0,0,0,0,0,0,0.83156
0,0,0,0,0,0,0,0,0,0,0.92546,0,0,0,0,0,0,0,0,0,0,0.73889
0,0,0,0,0,0,0,-0.93401,0,0,0.90239,0,0,0,0,0,0,0,0,0,0,0.77194
0,0,0,0,0,0,0,0,0,0,0.94375,0,0,0,0,0,0,0,0,0,0,0.82267
0,0,0,0,0,0,0,0,0,0,1.0783,0,0,0,0,0,0,0,0,0,0,0.84203
0,0,0,0,0,0,0,0,0,0,0.99086,0,0,0,0,0,0,0,-0.40043,0,0,0.73181
0,0,0,0,0,0,0,0,0,-1.9427,0.95846,0,0,0,0,0,0,0,0,0,0,0.78612
0,0,0,0,0,0,0,0,0,0,1.0398,0,0,0,0,0,0,0,0,0,0,0.76015
0,0,0,0,0,0,-1.1753,0,0,0,1.0521,0,0,0,0,0,0,0,0,0,0,0.79492
0,0,0,0,0,0,0,0,0,0,0.9822,0,0,0,0,0,0,0,0,0,0,0.79428
0,0,0,0,0,0,0,0,0,0,1.0146,0,0,0,0,0,0,0,0,0,0,0.70383
0,0,0,0,0,0,0,-1.8878,0,0,1.127,0,0,0,0,0,0,0,0,0,0,0.81007
0,0,0,0,0,0,0,0,0,0,1.0641,0,0,0,0,0,0,0,0,0,0,0.77407
0,0,0,0,0,0,0,0,0,0,1.1765,0,0,0,0,0,0,0,0,0,0,0.84232
0,0,0,0,0,0,-0.89725,0,0,0,1.1032,0,0,0,0,0,0,0,0,0,0,0.84447
0,0,0,0,-0.49619,0,0,0,0,0,0.80139,-0.12694,0,0,0,0,0,0,0,0,0,0.83857
0,0,0,0,0,0,0,-1.1007,0,0,0.9969,0,0,0,0,0,0,0,0,0,0,0.76384
0,0,0,0,-0.61193,0,0,0,0,0,1.0729,0,0,0,0,0,0,0,0,0,0,0.80386
0,0,0,0,0,0,0,0,0,0,1.0328,0,0,0,0,0,0,0,0,0,0,0.7898
0,0,0,0,0,0,0,0,0,0,0.68033,0,0.08043,0,0,0,0,0,0,0,0,0.82256
0,0,0,0,0,0,0,0,0,0,0.97302,0,0,0,0,0,0,0,0,0,0,0.8756
0,0,0,0,0,0,0,0,0,0,1.1297,0,0,0,0,0,0,0,0,0,0,0.7942
0,0,0,0,0,0,0,0,0,0,0.91857,0,0,0,0,0,0,0,0,0,0,0.81793
0,0,0,0,0,0,0,0,0,0,1.034,0,0,0,0,0,0,0,0,0,0,0.81843
0,0,0,0,0,0,0,0,0,0,1.2963,0,0,0,0,0,0,0,0,0,0,0.81969
0,0,0,0,0,0,0,0,0,0,0.98899,0,0,0,0,0,0,0,0,0,0,0.73797
0,0,0,0,0,0,0,0,0,0,0.95807,0,0,0,0,0,0,0,0,0,0,0.70845
0,0,0,0,0,0,0,-1.8883,0,0,1.1308,0,0,0,0,0,0,0,0,0,0,0.80666
0,0,0,0,0,0,0,0,0,0,0.94445,0,0,0,0,0,0,0,0,0,0,0.76635
0,0,0,0,0,0,0,0,0,0,0.87504,0,0,0,0,0,0,0,0,0,0,0.80924
0,0,0,0,0,0,0,0,-4.0436,0,1.1723,0,0,0,0,0,0,0,0,0,0,0.81785
0,0,0,0,0,0,0,0,0,0,1.1209,0,0,0,0,0,0,0,0,0,0,0.80891
0,0,0,0,0,0,0,0,0,0,1.0214,0,0,0,0,0,0,0,0,0,0,0.75109
0,0,0,0,0,0,0,0,0,0,0.92014,0,0,0,0,0,0,0,0,0,0,0.83052
0,0,0,0,0,0,0,0,0,0,1.0721,0,0,0,0,0,0,0,0,0,0,0.76317
0,0,0,0,0,0,-0.88406,0,0,0,0.96242,0,0,0,0,0,0,0,0,0,0,0.83632
