0,0,0,0,0,0,0,0,0,0,1.182,0,0,0,0,0,0,0,0,0,0,0.78509
0,0,0,0,0,0,0,-1.3681,0,0,1.0399,0,0,0,0,0,0,0,0,0,0,0.83119
0,0,0,0,-0.55467,0,0,0,0,0,1.0091,0,0,0,0,0,0,0,0,0,0,0.83475
0,0,0,0,0,0,0,0,0,0,1.0066,0,0,0,0,0,0,-0.12805,0,0,0,0.86607
0,0,0,0,0,0,0,0,0,0,1.0567,0,0,0,0,0,0,0,0,0,0,0.77665
0,0,0,0,0,0,0,0,-3.6181,0,0.8748,0,0,0,0,0,0,0,0,0,0,0.76248
0,0,0,0,0,0,0,-1.7609,0,0,1.0196,0,0,0,0,0,0,0,0,0,0,0.80473
0,0,0,0,0,0,0,0,-3.327,0,0.94435,0,0,0,0,0,0,0,0,0,0,0.82135
0,0,0,0,0,0,0,0,0,0,0.93061,0,0,0,0,0,0,0,0,0,0,0.79923
0,0,0,0,0,0,0,0,-2.3664,0,0.99326,0,0,0,0,0,0,0,0,0,0,0.71081
0,0,0,0,0,0,0,0,0,0,0.89019,0,0,0,0,0,0.19818,0,0,0,0,0.84981
0,0,0,0,0,0,0,0,0,0,1.0038,0,0,0,0,0,0,0,0,0,0,0.69446
0,0,0,0,0,0,0,-1.0181,0,0,1.029,0,0,0,0,0,0,0,0,0,0,0.77101
0,0,0,0,0,0,0,-1.2078,0,0,0.94084,0,0,0,0,0,0,0,0,0,0,0.81779
0,0,0,0,0,0,0,0,0,0,0.97662,0,0,0,0,0,0,0,0,0,0,0.82645
0,0,0,0,0,0,0,0,0,0,1.0242,0,0,0,0,0,0,0,0,0,0,0.79498
0,0,0,0,0,0,0,0,0,0,0.91966,0,0,0,0,0,0,0,0,0,0,0.8064
0,0,0,0,0,0,0,0,0,0,1.003,0,0,0,0,0,0,0,0,0,0,0.75659
0,0,0,0,0,0,0,0,0,0,0.99708,0,0,0,0,0,0,0,0,0,0,0.88353
0,0,0,0,0,0,0,0,0,0,0.94577,0,0,0,0,0,0,0,0,0,0,0.74895
0,0,0,0,0,0,0,0,0,0,0.91362,0,0,0,0,0,0,0,0,0,0,0.77982
0,0,0,0,0,0,0,0,0,0,1.0696,0,0,0,0,0,0,0,-0.057352,0,0,0.7858
0,0,0,0,0,0,0,0,0,0,1.0254,0,0,0,0,0,0,0,0,0,0,0.78248
0,0,0,0,0,0,0,0,0,0,1.0115,0,0,0,0,0,0,0,0,0,0,0.84641
0,0,0,0,-0.69896,0,0,0,0,0,0.95205,0,0,0,0,0,0,0,0,0,0,0.78007
0,0,0,0,0,0,0,0,0,0,0.8387,0,0,0,0,0,0,0,0,0,0,0.78838
0,0,0,0,0,0,0,0,0,0,1.005,0,0,0,0,0,0,0,0,0.33066,0,0.74877
0,0,0,0,0,0,0,0,-5.8167,0,1.0489,0,0,0,0,0,0,0,0,0,0,0.81439
0,0,0,0,0,0,0,0,0,0,1.1078,0,0,0,0,0,0,0,0,0,0,0.88143
0,0,0,0,0,0,0,0,0,0,0.90404,0,0,0,0,0,0,0,0,0,0,0.8259
0,0,0,0,0,0,0,0,0,0,0.942,0,0,0,0,0,0,0,0,0,0,0.83476
0,0,0,0,0,0,0,0,-4.2789,0,0.89349,0,0,0,0,0,0,0,0,0,0,0.73222
0,1.0456,0,0,0,0,0,0,-2.8463,0,1.1543,0,0,0,0,0,0,0,0,0,0,0.70559
0,0,0,0,0,0,0,0,0,0,0.7868,0,0,0,0,0,0,0,0,0,0,0.7554
0,0,0,0,0,0,0,-1.2952,0,0,0.93822,0,0,0,0,0,0,0,0,0,0,0.79338
0,0,0,0,0,0,0,0,0,0,0.96225,0,0,0,0,0,0,0,-0.38136,0,0,0.7329
0,0,0,-7.232,0,0,0,0,0,0,0.85868,0.071667,0,0,0,0,0,0,0,0,0,0.81964
0,0,0,0,0,0,0,0,0,0,0.99618,0,0,0,0,0,0,0,0,0,0,0.83508
0,0,0,0,0,0,0,0,0,0,1.2417,0.1754,0,0,0,0,0,0,0,0,0,0.83213
0,0,0,0,0,0,0,0,-3.7188,0,1.0331,0,0,0,0,0,0,0,0,0,0,0.76781
0,0,0,0,0,0,0,-1.6765,0,0,0.8799,0,0,0,0,0,0,0,0,0,0,0.82016
0,0,0,0,0,0,0,-1.4034,0,0,1.0108,0,0,0,0,0,0,0,0,0,0,0.75491
0,0,0,0,0,0,0,0,0,0,0.98688,0,0,0,0,0,0,0,0,0,0,0.7313
0,0,0,0,0,0,0,0,0,0,0.85688,0,0,0,0,0,0,0,0,0,0,0.71059
0,0,0,0,0,0,0,0,0,0,1.018,0,0,0,0,0,0,0,0,0,0,0.74224
0,0,0,0,0,0,0,0,0,0,1.323,0.10999,0,0,0,0,0,0,0,0,0,0.74506
0,0,0,0,0,0,0,0,0,0,0.8917,0,0,0,0,0,0,0,0,0,0,0.7561
0,0,0,0,0,0,0,-1.3975,0,0,1.038,0,0,0,0,0,0,0,0,0,0,0.82988
0,0,0,0,0,0,0,0,0,0,0.97456,0,0,0,0,0,0,0,0,0,0,0.69637
0,0,0,0,0,0,0,0,0,0,0.96317,0,0,0,0,0,0,0,0,0,0,0.81283
0,0,0,0,0,0,0,-1.0491,0,0,0.94879,0,0,0,0,0,0,0,0,0,0,0.83987
0,0,0,0,0,0,0,0,0,0,0.88872,0,0,0,0,0,0,0,0,0,0,0.78261
0,0,0,0,0,0,0,0,0,0,0.97774,0,0,0,0,0,0,0,0,0,0,0.75338
0,0,0,0,0,0,0,0,-3.0545,0,1.0824,0,0,0,0,0,0,0,0,0,0,0.76371
0,0,0,0,0,0,0,0,0,0,0.95606,0,0,0,0,0,0,0,0,0,0,0.77893
0,0,0,0,0,0,0,-1.1748,0,0,0.93556,0,0,0,0,0,0,0,0,0,0,0.80258
0,0,0,0,0,0,-1.2722,0,0,0,1.0988,0,0,0,0,0,0,0,0,0,0,0.83204
0,0,0,0,0,0,0,-1.5186,0,0,1.042,0,0,0,0,0,0,0,0,0,0,0.7693
0,0,0,0,0,0,0,0,0,0,1.005,0,0,0,0,0,0,0,0,0,0,0.79937
0,0,0,0,-0.34784,0,0,0,0,0,0.99523,0,0,0,0,0,0,0,0,0,0,0.7803
0,0,0,0,0,0,0,0,0,0,0.99895,0,0,0,0,0,0,0,0,0,0,0.81611
0,0,0,0,-0.46984,0,0,0,0,0,0.99342,0,0,0,0,0,0,0,0,0,0,0.81367
0,0,0,0,0,0,0,0,0,0,1.0223,0,0,0,0,0,0,0,0,0,0,0.77542
0,0,0,0,0,0,0,0,-3.0101,0,1.0003,0,0,0,0,0,0,0,0,0,0,0.89941
0,0,0,0,0,0,0,0,0,0,1.0642,0,0,0,0,0,0,0,0,0,0,0.77643
0,0,0,0,0,0,0,0,0,0,0.9696,0,0,0,0,0,0,0,0,0,0,0.83936
0,0,0,0,-0.31409,0,0,0,0,0,0.92256,0,0,0,0,0,0,0,0,0,0,0.79261
0,0,0,0,0,0,0,0,0,0,0.90946,0,0,0,0,0,0,0,0,0,0,0.81266
0,0,0,0,0,0,0,0,0,0,0.98994,0,0,0,0,0,0,0,0,0,0,0.83313
0,0,0,0,0,0,0,0,-2.2782,0,0.95995,0,0,0,0,0,0,0,0,0,0,0.8284
0,0,0,0,0,0,0,0,-2.1638,0,1.0032,0,0,0,0,0,0,0,0,0,0,0.76586
0,0,0,0,0,0,0,0,0,0,1.0399,0,0,0,0,0,0,0,0,0,0,0.76017
0,0,0,0,0,0,0,0,0,0,1.1203,0,0,0,0,0,0,0,0,0,0,0.82075
0,0,0,0,0,0,0,0,0,0,1.0878,0,-0.01354,0,0,0,0,0,0,0,0,0.79478
0,0,0,0,0,0,0,0,0,0,0.98639,0,0,0,0,0,0,0,0,0,0,0.76884
0,0,0,0,-0.62836,0,0,0,0,0,1.1051,0,0,0,0,0,0,0,0,0,0,0.74644
0,0,0,0,0,0,0,0,0,0,0.99698,0,0,0,0,0,0,0,0,0,0,0.78475
0,0,0,0,0,0,0,0,0,0,1.1897,0,0,0,0,0,0,0,0,0,0,0.83471
0,0,0,0,0,0,0,0,0,0,1.012,0,0,0,0,0,0,0,0,0,0,0.82216
0,0,0,0,0,0,0,0,0,0,0.99751,0,0,0,0,0,0,0,0,0,0,0.90273
0,0,0,0,0,0,0,-1.0763,0,0,0.99323,0,0,0,0,0,0,0,0,0,0,0.74482
0,0,0,0,0,0,0,-1.4202,0,0,1.055,0,0,0,0,0,0,0,0,0,0,0.8078
0,0,0,0,0,0,0,0,0,0,0.97433,0,0,0,0,0,0,0,0,0,0,0.79812
0,0,0,0,0,0,0,0,0,0,0.9715,0,0,0,0,0,0,0,0,0,0,0.81565
0,0,0,0,0,0,0,0,0,0,0.97311,0,0,0,0,0,0,0,0,0,0,0.87561
0,0,0,0,0,0,0,0,0,0,1.0414,0,0,0,0,0,0,0,0,0,0,0.75971
0,0,0,0,0,0,0,0,0,0,0.87814,0,0,0,0,0,0,0,0,0,0,0.8156
0,0,0,0,0,0,0,0,-2.4534,0,1.0442,0,0,0,0,0,0,0,0,0,0,0.82974
0,0,0,0,0,0,0,0,0,0,1.0569,0,0,0,0,0,0,0,0,0,0,0.78395
0,0,0,0,0,0,0,0,0,0,1.0507,0,0,0,0,0,0,0,0,0,0,0.74538
0,0,0,0,0,0,0,0,0,0,0.92766,0,0,0,0,0,0,0,0,0,0,0.71181
0,0,0,0,0,0,-1.4889,0,0,0,1.0992,0,0,0,0,0,0,0,0,0,0,0.78398
0,0,0,0,0,0,0,0,0,0,0.99907,0,0,0,0,0,0,0,0,0,0,0.75297
0,0,0,0,0,0,0,0,0,0,0.84887,0,0,0,0,0,0,0,0,0,0,0.83182
0,0,0,0,0,0,0,0,-4.0448,0,1.1724,0,0,0,0,0,0,0,0,0,0,0.81784
0,0,0,0,0,0,0,0,0,0,1.121,0,0,0,0,0,0,0,0,0,0,0.80891
0,0,0,0,0,0,0,0,0,0,1.0215,0,0,0,0,0,0,0,0,0,0,0.7511
0,0,0,0,0,0,0,0,-1.9271,0,0.91346,0,0,0,0,0,0,0,0,0,0,0.80598
0,0,0,0,0,0,0,0,0,0,1.0358,0,0,0,0,0,0,0,0,0,0,0.7664
0,0,0,0,0,0,0,-1.0402,0,0,0.97863,0,0,0,0,0,0,0,0,0,0,0.86019
